0.6273
0.5918
 0.5849
0.5666
0.5392
0.5153
0.4952
0.476
0.4617
0.4513
0.4185
0.4087
0.4011
0.396
0.3938
0.3929
0.3873
0.3847
0.3804
0.3793
0.3726
0.3683
0.3691
0.369
0.3673
0.3673
0.3695
0.3658
0.3664
0.4347
0.4042
0.3958
0.3972
0.3971
0.3954
0.3949
0.3908
0.3933
0.3901
0.3934
0.3914
0.39
0.3904
0.3929
0.3891
0.3892
0.388
0.3897
0.3802
0.3795
0.3720
0.3744
0.3682
0.3612
0.3691
0.3604
0.3541
0.3504
0.3598
0.3527
0.3461
0.3391
0.3281
0.3453
0.3348
0.3291
0.3308
0.3269
0.3204
0.31
0.3005
0.2973
0.2802
0.2731
0.2689
0.2613
0.2594
0.2510
0.2471
0.2401
0.2333
0.2301
0.2297
0.2327
0.2208
0.2169
0.2040
0.1911
0.1846
0.1790
0.1643
0.1601
0.1579
0.1534
0.1570
0.1602
0.1561
0.1547
0.1503
0.1498
