591,307,1039,307,1039,439,591,439,Building
1086,311,1334,311,1334,409,1086,409,Web
449,462,888,462,888,562,449,562,Services
929,463,1170,463,1170,562,929,562,with
499,621,646,621,646,663,499,663,Making
662,622,764,622,764,653,662,653,Sense
781,622,819,622,819,653,781,653,of
1225,623,1294,623,1294,653,1225,653,and
1311,624,1417,624,1417,653,1311,653,UDDI
1218,468,1433,468,1433,584,1218,584,Java
1440,488,1472,488,1472,505,1440,505,TM
833,623,936,623,936,661,833,661,XML,
954,623,1062,623,1062,660,954,660,SOAP,
1079,623,1208,623,1208,660,1079,660,WSDL,
