615,375,901,375,901,422,615,422,Professional
617,435,767,435,767,479,617,479,Issues
786,434,821,434,821,476,786,476,in
616,491,834,491,834,537,616,537,Software
619,546,896,546,896,604,619,604,Engineering
604,635,639,635,639,646,604,646,frank
646,635,672,635,672,645,646,645,bott
688,634,732,634,732,645,688,645,allison
737,633,797,633,797,644,737,644,coleman
810,631,839,631,839,645,810,645,jack
845,632,883,632,883,642,845,642,eaton
898,629,935,629,935,640,898,640,diane
941,627,996,627,996,639,941,639,rowland
605,949,685,949,685,960,605,960,THIRD EDITION
