738,717,1182,717,1182,796,738,796,Infections
1211,712,1287,712,1287,786,1211,786,in
1316,703,1569,703,1569,783,1316,783,Africa
744,869,1378,869,1378,975,744,975,Hypertension:
1403,859,1592,859,1592,936,1403,936,who
1621,857,1682,857,1682,931,1621,931,is
1709,862,1790,862,1790,929,1709,929,at
1819,845,2006,845,2006,924,1819,924,risk?
747,1038,909,1038,909,1111,747,1111,Gut
937,1024,1369,1024,1369,1128,937,1128,genomics
1967,1368,2922,1368,2922,1540,1967,1540,International
1967,1547,2881,1547,2881,1728,1967,1728,Cooperation
1982,1794,2056,1794,2056,1866,1982,1866,in
2088,1761,2537,1761,2537,1860,2088,1860,EU-funded
1985,1894,2265,1894,2265,1980,1985,1980,Health
2297,1868,2668,1868,2668,1961,2297,1961,Research
2655,2548,3008,2548,3008,2591,2655,2591,###
2454,2572,2650,2572,2650,2591,2454,2591,###
