1200,777,2143,777,2143,914,1200,914,RESERVED
2205,755,2561,755,2561,895,2205,895,FOR
1172,977,2033,977,2033,1105,1172,1105,REGULAR
2094,950,2602,950,2602,1095,2094,1095,HIWIS
1428,1369,1961,1369,1961,1502,1428,1502,Thank
2012,1353,2367,1353,2367,1530,2012,1530,you!
528,169,741,169,741,415,528,415,###
83,85,257,85,257,117,83,117,###
85,111,223,111,223,139,85,139,###
86,137,255,137,255,171,86,171,###
88,161,221,161,221,190,88,190,###
140,486,299,486,299,515,140,515,###
170,516,299,516,299,543,170,543,###
172,548,297,548,297,575,172,575,###
454,169,520,169,520,192,454,192,###
472,206,484,206,484,230,472,230,###
560,1879,606,1879,606,1910,560,1910,###
814,1877,877,1877,877,1904,814,1904,###
1065,1870,1104,1870,1104,1900,1065,1900,###
1316,1865,1355,1865,1355,1897,1316,1897,###
1575,1864,1600,1864,1600,1887,1575,1887,###
1822,1861,1854,1861,1854,1890,1822,1890,###
2074,1855,2111,1855,2111,1889,2074,1889,###
2321,1853,2328,1853,2328,1882,2321,1882,###
2574,1847,2619,1847,2619,1881,2574,1881,###
581,2000,618,2000,618,2023,581,2023,###
848,1989,883,1989,883,2026,848,2026,###
1105,1988,1152,1988,1152,2020,1105,2020,###
1370,1984,1399,1984,1399,2013,1370,2013,###
1639,1979,1678,1979,1678,2012,1639,2012,###
1891,1974,1932,1974,1932,2008,1891,2008,###
2156,1979,2184,1979,2184,2007,2156,2007,###
2410,1967,2445,1967,2445,2000,2410,2000,###
2672,1966,2707,1966,2707,1997,2672,1997,###
3191,1964,3232,1964,3232,1993,3191,1993,###
673,2122,716,2122,716,2160,673,2160,###
956,2117,991,2117,991,2150,956,2150,###
1217,2107,1268,2107,1268,2153,1217,2153,###
1497,2109,1542,2109,1542,2142,1497,2142,###
1769,2104,1804,2104,1804,2137,1769,2137,###
2042,2100,2077,2100,2077,2136,2042,2136,###
2311,2095,2354,2095,2354,2127,2311,2127,###
20,70,70,70,70,92,20,92,###
23,101,72,101,72,128,23,128,###
26,127,79,127,79,154,26,154,###
29,164,75,164,75,190,29,190,###
30,188,65,188,65,213,30,213,###
33,211,64,211,64,237,33,237,###
36,234,63,234,63,261,36,261,###
42,301,55,301,55,319,42,319,###
45,324,69,324,69,351,45,351,###
48,362,94,362,94,390,48,390,###
53,432,104,432,104,463,53,463,###
91,189,180,189,180,213,91,213,###
89,216,204,216,204,241,89,241,###
91,242,276,242,276,270,91,270,###
92,261,277,261,277,295,92,295,###
94,288,224,288,224,318,94,318,###
208,359,249,359,249,367,208,367,###
117,404,164,404,164,424,117,424,###
196,409,272,409,272,432,196,432,###
399,131,427,131,427,163,399,163,###
421,98,469,98,469,130,421,130,###
473,96,482,96,482,107,473,107,###
484,91,511,91,511,109,484,109,###
513,101,533,101,533,118,513,118,###
532,114,567,114,567,158,532,158,###
533,139,557,139,557,228,533,228,###
518,229,539,229,539,250,518,250,###
494,243,513,243,513,257,494,257,###
418,197,489,197,489,260,418,260,###
414,165,429,165,429,192,414,192,###
422,147,438,147,438,162,422,162,###
454,146,516,146,516,161,454,161,###
488,207,505,207,505,229,488,229,###
270,1711,328,1711,328,1725,270,1725,###
503,1708,544,1708,544,1717,503,1717,###
745,1701,791,1701,791,1714,745,1714,###
985,1700,1028,1700,1028,1710,985,1710,###
1222,1695,1263,1695,1263,1706,1222,1706,###
1450,1697,1502,1697,1502,1708,1450,1708,###
1689,1694,1736,1694,1736,1703,1689,1703,###
1930,1687,1970,1687,1970,1701,1930,1701,###
2166,1684,2208,1684,2208,1697,2166,1697,###
2395,1684,2442,1684,2442,1693,2395,1693,###
2628,1679,2696,1679,2696,1692,2628,1692,###
2854,1675,2921,1675,2921,1690,2854,1690,###
3090,1673,3159,1673,3159,1686,3090,1686,###
3328,1673,3433,1673,3433,1698,3328,1698,###
3572,1668,3649,1668,3649,1681,3572,1681,###
3804,1666,3869,1666,3869,1678,3804,1678,###
482,1774,494,1774,494,1789,482,1789,###
465,1813,479,1813,479,1830,465,1830,###
729,1771,753,1771,753,1783,729,1783,###
712,1809,740,1809,740,1824,712,1824,###
967,1767,999,1767,999,1789,967,1789,###
962,1800,991,1800,991,1818,962,1818,###
1210,1765,1234,1765,1234,1783,1210,1783,###
1208,1800,1228,1800,1228,1812,1208,1812,###
1456,1758,1485,1758,1485,1778,1456,1778,###
1449,1798,1483,1798,1483,1814,1449,1814,###
1698,1756,1725,1756,1725,1775,1698,1775,###
1696,1793,1722,1793,1722,1808,1696,1808,###
1942,1754,1965,1754,1965,1771,1942,1771,###
1946,1789,1965,1789,1965,1806,1946,1806,###
2184,1752,2191,1752,2191,1766,2184,1766,###
2185,1788,2206,1788,2206,1800,2185,1800,###
2426,1749,2433,1749,2433,1767,2426,1767,###
2430,1785,2455,1785,2455,1799,2430,1799,###
2662,1751,2685,1751,2685,1758,2662,1758,###
2671,1781,2696,1781,2696,1796,2671,1796,###
2898,1741,2922,1741,2922,1759,2898,1759,###
2906,1775,2941,1775,2941,1796,2906,1796,###
3318,1850,3331,1850,3331,1861,3318,1861,###
3340,1889,3354,1889,3354,1903,3340,1903,###
3453,1963,3464,1963,3464,1974,3453,1974,###
3470,2005,3493,2005,3493,2019,3470,2019,###
409,2131,429,2131,429,2146,409,2146,###
382,2176,411,2176,411,2193,382,2193,###
2586,2098,2602,2098,2602,2126,2586,2126,###
2852,2083,2871,2083,2871,2115,2852,2115,###
3116,2086,3158,2086,3158,2098,3116,2098,###
2817,1847,2849,1847,2849,1879,2817,1879,###
3063,1848,3106,1848,3106,1880,3063,1880,###
2933,1968,2981,1968,2981,2002,2933,2002,###
600,227,670,227,670,352,600,352,###
663,218,712,218,712,342,663,342,###
704,209,744,209,744,334,704,334,###
132,567,298,567,298,598,132,598,###
132,567,298,567,298,598,132,598,###
3681,644,3887,644,3887,728,3681,728,###
